'best_model' found. Skipping copy of painn.py.
 Time | Epoch | Learning rate | Train loss | Validation loss | MAE_energy | MAE_energy_grad | GPU Memory (MB)
40:58 |     1 |     1.000e-04 |     3.6802 |          6.6931 |     5.0939 |          0.8805 |            1863
41:52 |     2 |     1.000e-04 |     2.8152 |          2.4313 |     2.9268 |          0.7274 |            1863
42:47 |     3 |     1.000e-04 |     2.6888 |          3.3769 |     4.3492 |          0.7245 |            1863
43:42 |     4 |     1.000e-04 |     3.4835 |          2.4684 |     2.7097 |          0.7351 |            1863
44:37 |     5 |     1.000e-04 |     2.9206 |          3.6225 |     3.8576 |          0.7700 |            1863
45:31 |     6 |     1.000e-04 |     3.7414 |          3.1132 |     3.3715 |          0.7803 |            1863
46:27 |     7 |     1.000e-04 |     2.3360 |          5.0538 |     5.2017 |          0.7442 |            1863
47:21 |     8 |     1.000e-04 |     3.1021 |          3.3146 |     4.0417 |          0.7608 |            1863
48:17 |     9 |     1.000e-04 |     2.5151 |          2.8565 |     3.1381 |          0.7737 |            1863
49:11 |    10 |     1.000e-04 |     3.5538 |          2.6111 |     3.1243 |          0.6916 |            1863
50:07 |    11 |     1.000e-04 |     3.4866 |          2.5767 |     2.9310 |          0.7276 |            1863
51:02 |    12 |     1.000e-04 |     2.2822 |          2.7033 |     3.2745 |          0.7099 |            1863
51:57 |    13 |     1.000e-04 |     2.5663 |          2.8590 |     3.3756 |          0.7162 |            1863
52:52 |    14 |     1.000e-04 |     2.9102 |          4.8741 |     5.1605 |          0.8228 |            1863
53:47 |    15 |     1.000e-04 |     2.3000 |          2.5269 |     3.0771 |          0.6778 |            1863
54:42 |    16 |     1.000e-04 |     2.3872 |          2.7355 |     3.3635 |          0.6972 |            1863
55:37 |    17 |     1.000e-04 |     2.7354 |          2.9365 |     3.5900 |          0.7196 |            1863
56:32 |    18 |     1.000e-04 |     2.8751 |          3.0313 |     3.3675 |          0.7444 |            1863
57:27 |    19 |     1.000e-04 |     2.7417 |          3.5147 |     3.2486 |          0.9543 |            1863
58:22 |    20 |     1.000e-04 |     2.7562 |          2.8004 |     3.1726 |          0.7406 |            1863
59:18 |    21 |     1.000e-04 |     2.2955 |          4.6713 |     5.8134 |          0.7353 |            1863
00:13 |    22 |     1.000e-04 |     3.9055 |          6.0588 |     4.7144 |          1.1672 |            1863
01:09 |    23 |     1.000e-04 |     3.4065 |          3.4624 |     3.9683 |          0.8186 |            1863
02:04 |    24 |     1.000e-04 |     2.2747 |          2.6539 |     2.9462 |          0.7341 |            1863
03:00 |    25 |     1.000e-04 |     2.3442 |          2.9622 |     3.2864 |          0.7084 |            1903
03:55 |    26 |     1.000e-04 |     2.7782 |          5.8734 |     6.3678 |          0.8939 |            1903
04:51 |    27 |     1.000e-04 |     2.5589 |          3.4850 |     4.1346 |          0.7481 |            1903
05:46 |    28 |     1.000e-04 |     2.3586 |          2.5337 |     2.6445 |          0.6879 |            1903
06:42 |    29 |     1.000e-04 |     2.1516 |          2.8064 |     3.2670 |          0.7138 |            1903
07:37 |    30 |     1.000e-04 |     2.1810 |          2.9277 |     3.3848 |          0.7197 |            1903
08:33 |    31 |     1.000e-04 |     2.1719 |          3.1531 |     3.4875 |          0.7327 |            1903
09:28 |    32 |     1.000e-04 |     2.9044 |          3.6193 |     4.4410 |          0.7478 |            1903
10:24 |    33 |     1.000e-04 |     2.2023 |          2.6170 |     2.8992 |          0.6742 |            1903
11:19 |    34 |     1.000e-04 |     2.1356 |          4.2101 |     5.3014 |          0.7417 |            1903
12:15 |    35 |     1.000e-04 |     2.3511 |          2.8152 |     2.8683 |          0.7130 |            1903
13:10 |    36 |     1.000e-04 |     1.9557 |          2.9737 |     2.8791 |          0.7593 |            1903
14:06 |    37 |     1.000e-04 |     2.5342 |          3.1015 |     3.0090 |          0.8032 |            1903
15:01 |    38 |     1.000e-04 |     2.1986 |          3.6471 |     3.9148 |          0.7909 |            1903
15:56 |    39 |     1.000e-04 |     2.9840 |          3.5424 |     3.6412 |          0.7764 |            1903
16:52 |    40 |     1.000e-04 |     2.0872 |          3.2297 |     3.7992 |          0.7323 |            1903
17:47 |    41 |     1.000e-04 |     2.4895 |          3.0737 |     2.9441 |          0.7607 |            1903
18:43 |    42 |     1.000e-04 |     2.1646 |          2.8262 |     3.0333 |          0.6886 |            1903
19:38 |    43 |     1.000e-04 |     2.9833 |          2.9608 |     2.8568 |          0.7212 |            1903
20:34 |    44 |     1.000e-04 |     2.0145 |          3.0302 |     3.1139 |          0.7289 |            2010
21:29 |    45 |     1.000e-04 |     2.0738 |          2.7554 |     2.7635 |          0.7086 |            2010
22:24 |    46 |     1.000e-04 |     2.0095 |          4.1424 |     4.9614 |          0.7073 |            2010
23:20 |    47 |     1.000e-04 |     2.6490 |          3.6132 |     3.7297 |          0.7433 |            2010
24:15 |    48 |     1.000e-04 |    13.3457 |          6.6292 |     5.0095 |          1.2986 |            2010
25:10 |    49 |     1.000e-04 |     3.0198 |          3.5812 |     3.8904 |          0.8042 |            2010
26:06 |    50 |     1.000e-04 |     1.8053 |          2.8363 |     2.7849 |          0.7284 |            2010
27:02 |    51 |     1.000e-04 |     1.6015 |          2.6467 |     2.4781 |          0.6832 |            2010
27:57 |    52 |     1.000e-04 |     1.6849 |          2.5845 |     2.5732 |          0.6718 |            2010
28:53 |    53 |     1.000e-04 |     1.6515 |          3.1969 |     3.7268 |          0.6826 |            2010
29:48 |    54 |     1.000e-04 |     1.7457 |          2.6863 |     2.8529 |          0.6778 |            2010
30:44 |    55 |     1.000e-04 |     2.1074 |          5.1131 |     4.9501 |          0.7921 |            2010
31:39 |    56 |     1.000e-04 |     2.1420 |          2.9039 |     3.0180 |          0.6816 |            2010
32:35 |    57 |     1.000e-04 |     1.8130 |          3.1432 |     3.4027 |          0.6890 |            2132
33:30 |    58 |     1.000e-04 |     1.9376 |          2.9380 |     3.1015 |          0.6747 |            2132
34:25 |    59 |     1.000e-04 |     1.9028 |          4.7989 |     5.7299 |          0.7407 |            2132
35:21 |    60 |     1.000e-04 |     2.7346 |          3.4581 |     3.9001 |          0.6977 |            2132
36:16 |    61 |     1.000e-04 |     1.9626 |          4.0341 |     4.2227 |          0.7455 |            2132
37:12 |    62 |     1.000e-04 |     2.8967 |          5.9010 |     5.7139 |          0.9949 |            2132
38:07 |    63 |     1.000e-04 |     3.6203 |          3.4095 |     3.5530 |          0.7034 |            2132
39:03 |    64 |     1.000e-04 |     1.8651 |          3.5711 |     4.2360 |          0.7169 |            2132
39:58 |    65 |     1.000e-04 |     1.7489 |          3.4732 |     3.7887 |          0.7146 |            2132
40:54 |    66 |     1.000e-04 |     2.0913 |          3.3628 |     3.4557 |          0.7405 |            2132
41:49 |    67 |     1.000e-04 |     1.9400 |          3.8479 |     4.3159 |          0.7134 |            2132
42:45 |    68 |     1.000e-04 |     1.7907 |          3.1193 |     3.0143 |          0.7351 |            2132
43:40 |    69 |     1.000e-04 |     3.7919 |          4.7509 |     3.7481 |          0.9188 |            2132
44:36 |    70 |     1.000e-04 |     2.6829 |          4.2666 |     4.2390 |          0.8724 |            2132
45:31 |    71 |     1.000e-04 |     1.9488 |          3.0658 |     3.0312 |          0.7036 |            2132
