'best_model' found. Skipping copy of painn.py.
 Time | Epoch | Learning rate | Train loss | Validation loss | MAE_energy | MAE_energy_grad | GPU Memory (MB)
41:00 |     1 |     1.000e-04 |     3.6207 |          3.2553 |     4.0286 |          0.8391 |            1614
41:53 |     2 |     1.000e-04 |     3.7455 |          3.6910 |     3.9508 |          0.8313 |            1900
42:46 |     3 |     1.000e-04 |     4.3053 |         14.3933 |    11.4285 |          1.3626 |            1901
43:39 |     4 |     1.000e-04 |     3.6901 |          3.0913 |     3.5500 |          0.8409 |            1901
44:32 |     5 |     1.000e-04 |     3.2531 |          2.8974 |     3.4077 |          0.8314 |            1901
45:25 |     6 |     1.000e-04 |     2.5604 |          2.6406 |     3.3664 |          0.7379 |            1931
46:17 |     7 |     1.000e-04 |     2.7495 |          4.0230 |     4.9529 |          0.8764 |            1931
47:10 |     8 |     1.000e-04 |     3.5262 |          3.4208 |     3.9276 |          0.8880 |            1931
48:03 |     9 |     1.000e-04 |     3.9888 |          3.3920 |     4.1523 |          0.7823 |            1931
48:56 |    10 |     1.000e-04 |     2.5496 |          4.0632 |     4.6954 |          0.8210 |            1931
49:49 |    11 |     1.000e-04 |     2.7009 |          4.2887 |     4.5518 |          0.8460 |            1931
50:41 |    12 |     1.000e-04 |     5.4575 |          3.7954 |     4.0105 |          0.8187 |            1931
51:34 |    13 |     1.000e-04 |     5.4077 |          2.9392 |     3.6171 |          0.7623 |            1931
52:27 |    14 |     1.000e-04 |     2.6391 |          2.8058 |     3.1873 |          0.7256 |            1973
53:20 |    15 |     1.000e-04 |     2.3655 |          3.4228 |     3.5834 |          0.7400 |            1973
54:13 |    16 |     1.000e-04 |     3.2432 |          2.7031 |     2.8909 |          0.7661 |            1973
55:06 |    17 |     1.000e-04 |     3.4937 |          3.1732 |     3.5076 |          0.7576 |            1973
55:59 |    18 |     1.000e-04 |     2.7556 |          5.0152 |     5.2766 |          0.8794 |            1973
56:51 |    19 |     1.000e-04 |     3.8914 |          3.4540 |     3.6568 |          0.7634 |            1973
57:44 |    20 |     1.000e-04 |     2.4777 |          2.7923 |     3.0491 |          0.7049 |            1990
58:37 |    21 |     1.000e-04 |     2.8116 |          2.8614 |     3.2275 |          0.7562 |            1990
59:30 |    22 |     1.000e-04 |     2.1621 |          2.6470 |     2.8606 |          0.7721 |            1990
00:23 |    23 |     1.000e-04 |     4.1608 |          3.2543 |     3.1892 |          0.8622 |            1990
01:15 |    24 |     1.000e-04 |     2.9478 |          3.0036 |     3.3396 |          0.7714 |            1990
02:08 |    25 |     1.000e-04 |    14.8730 |          4.4882 |     4.1636 |          0.9387 |            1990
03:01 |    26 |     1.000e-04 |     2.3052 |          2.9315 |     3.0328 |          0.7783 |            1990
03:54 |    27 |     1.000e-04 |     1.8033 |          2.4644 |     2.4943 |          0.7251 |            1990
04:46 |    28 |     1.000e-04 |     1.9614 |          2.4658 |     2.7190 |          0.6903 |            1990
05:40 |    29 |     1.000e-04 |     1.7152 |          2.4300 |     2.6100 |          0.6951 |            1990
06:32 |    30 |     1.000e-04 |     1.7478 |          2.5856 |     3.0849 |          0.6905 |            1990
07:25 |    31 |     1.000e-04 |     1.9782 |          2.9024 |     3.2772 |          0.7329 |            1990
08:18 |    32 |     1.000e-04 |     2.0307 |          2.6897 |     3.0372 |          0.6734 |            1990
09:11 |    33 |     1.000e-04 |     3.0712 |          2.8636 |     3.4060 |          0.7124 |            1990
10:03 |    34 |     1.000e-04 |     2.3778 |          3.6877 |     4.1552 |          0.7947 |            1990
10:56 |    35 |     1.000e-04 |     2.4729 |          3.1428 |     3.3740 |          0.7720 |            1990
11:49 |    36 |     1.000e-04 |     2.2502 |          3.1265 |     3.1356 |          0.7580 |            1990
12:41 |    37 |     1.000e-04 |     8.0806 |          3.5639 |     3.3437 |          0.8964 |            1990
13:34 |    38 |     1.000e-04 |     2.1740 |          2.7896 |     3.0609 |          0.7033 |            1990
14:27 |    39 |     1.000e-04 |     1.8479 |          4.0023 |     5.0640 |          0.7459 |            2047
15:19 |    40 |     1.000e-04 |     5.4456 |          2.6553 |     2.8331 |          0.6863 |            2047
16:12 |    41 |     1.000e-04 |     1.9168 |          2.8626 |     2.8741 |          0.7302 |            2047
17:05 |    42 |     1.000e-04 |     1.8901 |          2.6519 |     2.7516 |          0.6818 |            2047
17:58 |    43 |     1.000e-04 |     2.4353 |          2.8786 |     2.5504 |          0.7262 |            2047
18:50 |    44 |     1.000e-04 |     2.1609 |          3.5197 |     3.8447 |          0.7717 |            2047
19:43 |    45 |     1.000e-04 |     2.5144 |          2.9335 |     2.8697 |          0.7471 |            2047
20:36 |    46 |     1.000e-04 |     3.1264 |          4.1848 |     4.3421 |          0.8127 |            2047
21:28 |    47 |     1.000e-04 |     2.6292 |          3.9970 |     3.9392 |          0.7483 |            2047
22:21 |    48 |     1.000e-04 |     4.3762 |          3.4299 |     3.1547 |          0.7466 |            2047
23:14 |    49 |     1.000e-04 |     2.5672 |          3.8554 |     4.0540 |          0.7993 |            2047
24:06 |    50 |     1.000e-04 |     3.6290 |          4.7054 |     4.6598 |          0.8677 |            2047
24:59 |    51 |     1.000e-04 |     2.2301 |          2.9052 |     2.6659 |          0.7244 |            2047
25:52 |    52 |     1.000e-04 |     1.9645 |          3.1700 |     3.2701 |          0.6996 |            2047
26:45 |    53 |     1.000e-04 |     2.1988 |          2.9307 |     2.8989 |          0.6774 |            2047
27:37 |    54 |     1.000e-04 |     2.6084 |          2.9704 |     2.6855 |          0.7383 |            2047
28:30 |    55 |     1.000e-04 |     3.6883 |          3.1933 |     3.2815 |          0.7189 |            2047
29:23 |    56 |     1.000e-04 |     7.9108 |         10.9573 |     6.6571 |          1.6995 |            2047
30:15 |    57 |     1.000e-04 |     5.6501 |          3.0556 |     2.7411 |          0.7551 |            2047
31:08 |    58 |     1.000e-04 |     1.8176 |          3.0858 |     3.0435 |          0.7031 |            2047
32:00 |    59 |     1.000e-04 |     1.6801 |          3.2621 |     3.2495 |          0.6733 |            2047
32:53 |    60 |     1.000e-04 |     1.8274 |          4.7495 |     4.7878 |          0.6943 |            2047
33:46 |    61 |     1.000e-04 |     2.1369 |          3.0664 |     2.9356 |          0.6751 |            2047
34:38 |    62 |     1.000e-04 |     2.4792 |          4.4601 |     5.0855 |          0.7264 |            2047
35:31 |    63 |     1.000e-04 |     3.3847 |          3.0886 |     2.8770 |          0.7192 |            2047
36:23 |    64 |     1.000e-04 |     2.0858 |          3.6754 |     3.8443 |          0.7407 |            2047
37:16 |    65 |     1.000e-04 |     3.3160 |          3.2991 |     3.2867 |          0.7613 |            2047
38:09 |    66 |     1.000e-04 |     3.3592 |          5.6437 |     6.5368 |          0.8194 |            2047
39:02 |    67 |     1.000e-04 |     2.5247 |          4.0365 |     4.6555 |          0.7867 |            2047
39:54 |    68 |     1.000e-04 |     1.9378 |          2.9040 |     2.6318 |          0.7073 |            2047
40:47 |    69 |     1.000e-04 |     1.8525 |          3.3548 |     3.2952 |          0.7222 |            2047
41:40 |    70 |     1.000e-04 |     4.7098 |          5.1620 |     4.8623 |          0.8452 |            2047
42:32 |    71 |     1.000e-04 |     2.4416 |          3.0321 |     2.7457 |          0.7596 |            2047
43:25 |    72 |     1.000e-04 |     2.0057 |          4.2321 |     4.1459 |          0.7540 |            2047
44:17 |    73 |     1.000e-04 |     2.2516 |          4.0291 |     3.6979 |          0.7879 |            2047
45:10 |    74 |     1.000e-04 |     2.5662 |          3.5272 |     3.2960 |          0.7707 |            2047
46:03 |    75 |     1.000e-04 |     3.0715 |          5.8582 |     5.9550 |          0.8655 |            2047
