'best_model' found. Skipping copy of painn.py.
 Time | Epoch | Learning rate | Train loss | Validation loss | MAE_energy | MAE_energy_grad | GPU Memory (MB)
40:58 |     1 |     1.000e-04 |     5.2231 |          3.1209 |     3.2489 |          0.8772 |            1754
41:53 |     2 |     1.000e-04 |     4.0685 |          3.2754 |     3.6180 |          0.8513 |            1759
42:48 |     3 |     1.000e-04 |     4.9414 |          3.0843 |     3.7724 |          0.8354 |            1759
43:43 |     4 |     1.000e-04 |     4.2330 |          3.2462 |     3.6095 |          0.8249 |            1759
44:37 |     5 |     1.000e-04 |     5.7236 |          2.8426 |     3.0698 |          0.8158 |            1759
45:32 |     6 |     1.000e-04 |     3.3600 |          3.7317 |     3.8534 |          0.9184 |            1852
46:27 |     7 |     1.000e-04 |     3.6926 |          4.2368 |     4.3245 |          0.8558 |            1852
47:22 |     8 |     1.000e-04 |     4.4897 |          4.5538 |     5.1379 |          0.8827 |            1902
48:17 |     9 |     1.000e-04 |    47.2706 |          5.4662 |     4.2665 |          1.2839 |            1902
49:12 |    10 |     1.000e-04 |     3.9762 |          3.4806 |     3.3647 |          0.9760 |            1902
50:06 |    11 |     1.000e-04 |     2.7143 |          2.8297 |     3.0632 |          0.8527 |            1902
51:01 |    12 |     1.000e-04 |     2.3751 |          2.6702 |     2.6636 |          0.8329 |            1902
51:57 |    13 |     1.000e-04 |     2.1672 |          2.7852 |     3.3228 |          0.7912 |            2376
52:52 |    14 |     1.000e-04 |     2.2622 |          2.5732 |     3.0547 |          0.7713 |            2376
53:47 |    15 |     1.000e-04 |     2.3982 |          2.9689 |     3.6669 |          0.7741 |            2376
54:42 |    16 |     1.000e-04 |     3.1285 |          5.5611 |     5.5063 |          0.8607 |            2376
55:37 |    17 |     1.000e-04 |     3.1992 |          3.3024 |     4.0442 |          0.7970 |            2376
56:31 |    18 |     1.000e-04 |     2.8869 |          3.2712 |     3.5745 |          0.7878 |            2376
57:26 |    19 |     1.000e-04 |     2.5848 |          3.4916 |     3.7269 |          0.8211 |            2376
58:21 |    20 |     1.000e-04 |     4.5286 |          3.4444 |     3.6832 |          0.8607 |            2376
59:16 |    21 |     1.000e-04 |     2.8613 |          3.4688 |     4.0067 |          0.8337 |            2376
00:11 |    22 |     1.000e-04 |     3.1775 |          3.0256 |     3.2439 |          0.8259 |            2376
01:05 |    23 |     1.000e-04 |     2.9001 |          2.9128 |     3.2952 |          0.7897 |            2376
02:00 |    24 |     1.000e-04 |     4.6170 |         10.8173 |     8.0424 |          1.0842 |            2376
02:55 |    25 |     1.000e-04 |    25.1649 |          3.8146 |     3.6156 |          0.9955 |            2376
03:49 |    26 |     1.000e-04 |     2.6906 |          3.2496 |     3.2553 |          0.8416 |            2376
04:44 |    27 |     1.000e-04 |     2.1998 |          2.9086 |     3.2218 |          0.7814 |            2376
05:39 |    28 |     1.000e-04 |     3.8935 |          2.9356 |     2.9976 |          0.7710 |            2376
06:34 |    29 |     1.000e-04 |     2.2107 |          2.8582 |     3.1436 |          0.7646 |            2376
07:29 |    30 |     1.000e-04 |     3.8366 |          2.6688 |     2.8697 |          0.7392 |            2376
08:23 |    31 |     1.000e-04 |     1.9665 |          2.9261 |     3.3102 |          0.7423 |            2376
09:18 |    32 |     1.000e-04 |     4.4097 |          2.9194 |     2.8615 |          0.8120 |            2376
10:13 |    33 |     1.000e-04 |     2.4553 |          3.0231 |     3.4575 |          0.7485 |            2376
11:08 |    34 |     1.000e-04 |     2.3125 |          3.2939 |     3.4653 |          0.7676 |            2376
12:02 |    35 |     1.000e-04 |     2.4106 |          3.0382 |     3.5131 |          0.7388 |            2376
12:57 |    36 |     1.000e-04 |     3.6509 |          2.8301 |     2.7479 |          0.7946 |            2376
13:52 |    37 |     1.000e-04 |     3.2065 |          2.9259 |     3.0195 |          0.7851 |            2376
14:46 |    38 |     1.000e-04 |    11.4849 |          8.2310 |     8.7805 |          0.9877 |            2376
15:41 |    39 |     1.000e-04 |     2.8907 |          2.7804 |     2.6955 |          0.7811 |            2376
16:36 |    40 |     1.000e-04 |     2.1017 |          2.9449 |     2.8975 |          0.7729 |            2376
17:31 |    41 |     1.000e-04 |     2.4629 |          2.9666 |     3.2943 |          0.7557 |            2376
18:25 |    42 |     1.000e-04 |     8.7240 |          5.4433 |     5.0491 |          0.8744 |            2376
19:20 |    43 |     1.000e-04 |     2.8748 |          3.7099 |     4.2646 |          0.7748 |            2376
20:15 |    44 |     1.000e-04 |     2.3906 |          2.8577 |     2.8015 |          0.7692 |            2376
21:10 |    45 |     1.000e-04 |     2.7553 |          6.2317 |     5.8927 |          0.9210 |            2376
22:04 |    46 |     1.000e-04 |     2.9898 |          3.7875 |     3.8752 |          0.8583 |            2376
22:59 |    47 |     1.000e-04 |     3.2074 |          3.7536 |     3.2314 |          0.9042 |            2376
23:55 |    48 |     1.000e-04 |     3.5867 |          4.5191 |     4.2262 |          0.8348 |            2376
24:50 |    49 |     1.000e-04 |     4.0347 |          3.9285 |     3.8477 |          0.9076 |            2376
25:46 |    50 |     1.000e-04 |     3.9694 |          3.0406 |     3.0110 |          0.7653 |            2376
26:41 |    51 |     1.000e-04 |     2.2453 |          3.0131 |     2.5545 |          0.8011 |            2376
27:36 |    52 |     1.000e-04 |     4.8045 |          3.1174 |     2.9347 |          0.7813 |            2376
28:32 |    53 |     1.000e-04 |     2.2000 |          3.0954 |     3.0942 |          0.7332 |            2376
29:27 |    54 |     1.000e-04 |     2.9458 |          4.7727 |     4.4874 |          0.8702 |            2376
30:22 |    55 |     1.000e-04 |    17.9071 |         33.6442 |    19.7444 |          1.4778 |            2376
31:18 |    56 |     1.000e-04 |     7.1560 |          3.5013 |     3.3004 |          0.8714 |            2376
32:13 |    57 |     1.000e-04 |     2.9264 |          3.3224 |     3.2171 |          0.8139 |            2376
33:08 |    58 |     1.000e-04 |     2.2944 |          3.6436 |     3.5721 |          0.8552 |            2376
34:03 |    59 |     1.000e-04 |     2.3357 |          3.2476 |     2.9774 |          0.7851 |            2376
34:59 |    60 |     1.000e-04 |     3.9404 |          4.2350 |     4.3618 |          0.8476 |            2376
35:54 |    61 |     1.000e-04 |     2.0773 |          2.9500 |     2.6290 |          0.7668 |            2376
36:49 |    62 |     1.000e-04 |     2.3780 |          4.9322 |     4.2658 |          0.8217 |            2376
37:45 |    63 |     1.000e-04 |     5.8873 |         14.5955 |    10.7028 |          1.3187 |            2376
38:40 |    64 |     1.000e-04 |     7.1757 |          3.8407 |     3.3881 |          0.8385 |            2376
39:35 |    65 |     1.000e-04 |     2.0698 |          2.9486 |     2.7209 |          0.7426 |            2376
40:31 |    66 |     1.000e-04 |     2.0331 |          3.5114 |     3.7454 |          0.7581 |            2376
41:27 |    67 |     1.000e-04 |     3.2048 |          3.2361 |     3.1918 |          0.7570 |            2376
42:22 |    68 |     1.000e-04 |     4.6704 |          5.1250 |     5.3056 |          0.8940 |            2376
43:17 |    69 |     1.000e-04 |     5.2674 |          2.9441 |     2.6653 |          0.7585 |            2376
44:12 |    70 |     1.000e-04 |     2.3321 |          4.7399 |     5.2054 |          0.7650 |            2376
45:08 |    71 |     1.000e-04 |     2.2940 |          3.2542 |     3.2076 |          0.7758 |            2376
