'best_model' found. Skipping copy of painn.py.
 Time | Epoch | Learning rate | Train loss | Validation loss | MAE_energy | MAE_energy_grad | GPU Memory (MB)
40:56 |     1 |     1.000e-04 |     3.6830 |          2.3722 |     3.0380 |          0.7204 |            1615
41:49 |     2 |     1.000e-04 |     2.8381 |          2.7416 |     3.4475 |          0.7255 |            1641
42:42 |     3 |     1.000e-04 |     3.5549 |          3.6932 |     3.5910 |          0.9184 |            1685
43:35 |     4 |     1.000e-04 |     3.3422 |          3.4825 |     4.3124 |          0.7889 |            1685
44:28 |     5 |     1.000e-04 |     3.6133 |          2.4243 |     3.0950 |          0.7096 |            1685
45:20 |     6 |     1.000e-04 |     2.4597 |          2.6809 |     3.3903 |          0.7327 |            1685
46:13 |     7 |     1.000e-04 |     3.8639 |          2.4758 |     3.0992 |          0.7184 |            1685
47:06 |     8 |     1.000e-04 |     2.9042 |          2.6594 |     2.7390 |          0.7812 |            1685
47:59 |     9 |     1.000e-04 |     3.1898 |          5.2355 |     4.7961 |          0.8267 |            1685
48:52 |    10 |     1.000e-04 |     3.3517 |          2.8922 |     3.1592 |          0.7604 |            1685
49:45 |    11 |     1.000e-04 |     2.8228 |          2.9113 |     3.5235 |          0.7520 |            1867
50:38 |    12 |     1.000e-04 |     2.8712 |          3.0698 |     3.2866 |          0.8110 |            1867
51:30 |    13 |     1.000e-04 |     3.3963 |          3.4499 |     4.2942 |          0.7519 |            2121
52:23 |    14 |     1.000e-04 |     3.0382 |          4.1713 |     4.4559 |          0.8176 |            2121
53:17 |    15 |     1.000e-04 |     4.1142 |          3.1842 |     3.5297 |          0.7867 |            2121
54:10 |    16 |     1.000e-04 |     2.9670 |          3.6943 |     4.2406 |          0.7902 |            2121
55:02 |    17 |     1.000e-04 |     4.2416 |         21.9746 |    10.2390 |          1.3039 |            2121
55:55 |    18 |     1.000e-04 |     4.7490 |          3.0719 |     3.6116 |          0.7614 |            2121
56:48 |    19 |     1.000e-04 |     1.9611 |          3.0439 |     3.6895 |          0.7078 |            2121
57:41 |    20 |     1.000e-04 |     2.0595 |          3.4479 |     4.0199 |          0.7457 |            2121
58:34 |    21 |     1.000e-04 |     3.2164 |          3.3778 |     3.6251 |          0.7695 |            2121
59:27 |    22 |     1.000e-04 |     2.6117 |          3.1733 |     2.9944 |          0.8468 |            2121
00:20 |    23 |     1.000e-04 |     2.4599 |          5.2491 |     4.6892 |          0.8429 |            2121
01:13 |    24 |     1.000e-04 |     3.5004 |          3.1460 |     3.5896 |          0.7689 |            2121
02:06 |    25 |     1.000e-04 |     3.0043 |          2.9894 |     3.3468 |          0.7372 |            2121
02:58 |    26 |     1.000e-04 |     2.7401 |          2.9179 |     3.1325 |          0.7704 |            2121
03:51 |    27 |     1.000e-04 |     2.4005 |          6.6330 |     6.5858 |          0.8052 |            2121
04:44 |    28 |     1.000e-04 |    10.6775 |          6.0899 |     4.9123 |          0.9122 |            2121
05:37 |    29 |     1.000e-04 |     3.2635 |          3.3820 |     3.5382 |          0.8333 |            2121
06:30 |    30 |     1.000e-04 |     3.2691 |          2.5110 |     2.7372 |          0.7129 |            2121
07:23 |    31 |     1.000e-04 |     1.8338 |          2.5771 |     2.6911 |          0.7224 |            2121
08:16 |    32 |     1.000e-04 |     2.3060 |          2.6408 |     2.9617 |          0.6995 |            2121
09:09 |    33 |     1.000e-04 |     1.8117 |          2.6871 |     2.8813 |          0.7023 |            2121
10:02 |    34 |     1.000e-04 |     2.2712 |          2.9932 |     3.3915 |          0.6967 |            2121
10:55 |    35 |     1.000e-04 |     2.3521 |          3.1802 |     3.2611 |          0.7577 |            2121
11:48 |    36 |     1.000e-04 |     2.9644 |          3.5941 |     4.0067 |          0.7870 |            2121
12:40 |    37 |     1.000e-04 |     2.4441 |          3.1906 |     3.3897 |          0.7626 |            2121
13:33 |    38 |     1.000e-04 |     2.6218 |          3.9255 |     4.5819 |          0.8056 |            2121
14:26 |    39 |     1.000e-04 |     2.5069 |          4.0501 |     4.4184 |          0.8141 |            2121
15:19 |    40 |     1.000e-04 |     3.5178 |          7.9750 |     8.4774 |          0.9348 |            2121
16:12 |    41 |     1.000e-04 |     2.6790 |          2.7806 |     2.8214 |          0.7376 |            2121
17:05 |    42 |     1.000e-04 |     2.0775 |          3.2181 |     3.1290 |          0.7785 |            2121
17:58 |    43 |     1.000e-04 |     2.6443 |          7.2870 |     6.9590 |          0.9126 |            2121
18:50 |    44 |     1.000e-04 |     3.2985 |          6.1693 |     6.8281 |          0.8214 |            2121
19:43 |    45 |     1.000e-04 |     2.5674 |          4.1530 |     5.0155 |          0.7420 |            2121
20:36 |    46 |     1.000e-04 |     2.8780 |          2.9919 |     2.8377 |          0.7622 |            2121
21:29 |    47 |     1.000e-04 |     3.1489 |          3.0572 |     2.9391 |          0.7769 |            2121
22:22 |    48 |     1.000e-04 |     2.9853 |          6.6102 |     5.9237 |          0.8829 |            2121
23:15 |    49 |     1.000e-04 |     3.7413 |          3.1872 |     3.3750 |          0.7250 |            2121
24:08 |    50 |     1.000e-04 |     3.8867 |          3.3602 |     3.4920 |          0.6914 |            2121
25:01 |    51 |     1.000e-04 |     2.7725 |          4.0418 |     4.5634 |          0.7557 |            2121
25:54 |    52 |     1.000e-04 |     3.0772 |          3.3874 |     3.5608 |          0.7941 |            2121
26:47 |    53 |     1.000e-04 |     1.9278 |          2.9766 |     3.0425 |          0.7187 |            2121
27:40 |    54 |     1.000e-04 |     2.0644 |          3.9090 |     3.7473 |          0.7513 |            2121
28:33 |    55 |     1.000e-04 |     3.5693 |          3.2066 |     2.9567 |          0.7817 |            2121
29:26 |    56 |     1.000e-04 |     2.7501 |          3.2020 |     3.0760 |          0.7538 |            2121
30:18 |    57 |     1.000e-04 |     2.4467 |          3.1832 |     3.2016 |          0.7269 |            2121
31:11 |    58 |     1.000e-04 |     2.4389 |          3.7401 |     3.5479 |          0.7696 |            2121
32:04 |    59 |     1.000e-04 |     2.1518 |          4.9975 |     5.8137 |          0.7653 |            2121
32:57 |    60 |     1.000e-04 |     3.1163 |          2.9683 |     2.7131 |          0.7180 |            2121
33:50 |    61 |     1.000e-04 |     2.7670 |          3.7374 |     3.6596 |          0.8525 |            2121
34:43 |    62 |     1.000e-04 |     2.4677 |          3.2197 |     3.3481 |          0.7280 |            2121
35:36 |    63 |     1.000e-04 |     2.2040 |          5.6461 |     4.7927 |          0.7981 |            2121
36:29 |    64 |     1.000e-04 |     2.3317 |          3.7464 |     3.4139 |          0.7614 |            2121
37:21 |    65 |     1.000e-04 |     2.3372 |          3.6495 |     3.5363 |          0.7802 |            2121
38:14 |    66 |     1.000e-04 |     2.8384 |          4.4882 |     4.1176 |          0.8220 |            2121
39:07 |    67 |     1.000e-04 |     2.7236 |          3.3754 |     3.0410 |          0.7576 |            2121
40:00 |    68 |     1.000e-04 |     2.1186 |          4.3384 |     4.7804 |          0.7490 |            2121
40:53 |    69 |     1.000e-04 |     2.9462 |          3.0370 |     2.6137 |          0.7355 |            2121
41:46 |    70 |     1.000e-04 |     2.3046 |          3.3365 |     3.1588 |          0.7847 |            2121
42:39 |    71 |     1.000e-04 |     2.3542 |          3.1094 |     2.8852 |          0.7556 |            2121
43:32 |    72 |     1.000e-04 |     2.7023 |          3.5379 |     3.1981 |          0.7914 |            2121
44:25 |    73 |     1.000e-04 |     2.5077 |          3.7788 |     3.5321 |          0.7742 |            2121
45:18 |    74 |     1.000e-04 |     5.0903 |          6.8225 |     5.3944 |          1.1047 |            2121
