'best_model' found. Skipping copy of painn.py.
 Time | Epoch | Learning rate | Train loss | Validation loss | MAE_energy | MAE_energy_grad | GPU Memory (MB)
40:57 |     1 |     1.000e-04 |     4.3640 |          3.8773 |     4.5190 |          0.8984 |            1575
41:50 |     2 |     1.000e-04 |     3.9226 |          3.3686 |     3.6399 |          0.8740 |            1792
42:43 |     3 |     1.000e-04 |     3.3434 |          2.9991 |     3.4220 |          0.8575 |            1792
43:37 |     4 |     1.000e-04 |     3.4136 |          3.7761 |     3.9874 |          0.8634 |            1792
44:30 |     5 |     1.000e-04 |     3.3003 |          3.4313 |     4.0357 |          0.8659 |            1792
45:23 |     6 |     1.000e-04 |     5.9894 |          3.6935 |     4.2798 |          0.8380 |            1792
46:17 |     7 |     1.000e-04 |     2.9766 |          3.2529 |     3.5317 |          0.8353 |            1792
47:10 |     8 |     1.000e-04 |     2.6657 |          3.3168 |     3.4262 |          0.8331 |            1792
48:03 |     9 |     1.000e-04 |     3.4129 |          3.3271 |     3.9260 |          0.8230 |            1792
48:56 |    10 |     1.000e-04 |     2.9969 |          3.1886 |     3.2063 |          0.8791 |            2063
49:50 |    11 |     1.000e-04 |     3.0451 |          3.5893 |     4.1970 |          0.8066 |            2063
50:43 |    12 |     1.000e-04 |     3.6527 |          3.7250 |     3.9157 |          0.9302 |            2063
51:37 |    13 |     1.000e-04 |     3.5932 |          3.2907 |     3.9773 |          0.8177 |            2063
52:30 |    14 |     1.000e-04 |     2.7807 |          4.9666 |     4.9619 |          0.8861 |            2063
53:24 |    15 |     1.000e-04 |     3.2265 |          3.8611 |     3.6671 |          0.9142 |            2063
54:17 |    16 |     1.000e-04 |     2.5904 |          2.9622 |     2.9789 |          0.8066 |            2063
55:10 |    17 |     1.000e-04 |     3.4679 |          3.4147 |     3.0349 |          0.9213 |            2063
56:03 |    18 |     1.000e-04 |     6.2848 |          3.2200 |     3.3582 |          0.8564 |            2063
56:57 |    19 |     1.000e-04 |     3.2538 |          2.8433 |     3.1371 |          0.7793 |            2063
57:50 |    20 |     1.000e-04 |     2.2939 |          3.1362 |     3.2834 |          0.7892 |            2063
58:44 |    21 |     1.000e-04 |     2.6423 |          3.7539 |     4.0756 |          0.8399 |            2063
59:37 |    22 |     1.000e-04 |     2.4489 |          3.5284 |     3.0677 |          0.9562 |            2063
00:31 |    23 |     1.000e-04 |     2.9301 |          2.9787 |     3.0422 |          0.7917 |            2063
01:24 |    24 |     1.000e-04 |     2.3238 |          4.0091 |     4.4299 |          0.7791 |            2063
02:18 |    25 |     1.000e-04 |     3.1033 |          4.0251 |     4.1327 |          0.8796 |            2063
03:12 |    26 |     1.000e-04 |     2.8486 |          3.7283 |     3.9039 |          0.8532 |            2063
04:05 |    27 |     1.000e-04 |     2.8063 |          3.3673 |     3.0935 |          0.8445 |            2063
04:59 |    28 |     1.000e-04 |     2.5630 |          3.2480 |     3.2096 |          0.8072 |            2063
05:52 |    29 |     1.000e-04 |     3.2981 |          3.5371 |     3.6876 |          0.7708 |            2063
06:46 |    30 |     1.000e-04 |     2.7604 |          4.2844 |     4.2991 |          0.8574 |            2063
07:39 |    31 |     1.000e-04 |     2.9401 |          3.3438 |     3.3394 |          0.8233 |            2063
08:33 |    32 |     1.000e-04 |     2.4630 |          3.6782 |     3.8634 |          0.8028 |            2063
09:26 |    33 |     1.000e-04 |     2.6954 |          3.4531 |     3.7173 |          0.7825 |            2063
10:20 |    34 |     1.000e-04 |     2.7457 |          3.1879 |     3.1682 |          0.7931 |            2063
11:13 |    35 |     1.000e-04 |     2.6111 |          3.8667 |     3.8409 |          0.8730 |            2063
12:07 |    36 |     1.000e-04 |     3.1019 |          7.4341 |     8.0230 |          0.9424 |            2063
13:00 |    37 |     1.000e-04 |     3.2336 |          4.1840 |     4.5041 |          0.8424 |            2063
13:54 |    38 |     1.000e-04 |    10.9175 |          6.2103 |     4.0360 |          1.3883 |            2063
14:48 |    39 |     1.000e-04 |     4.4166 |          5.4218 |     4.4614 |          1.1144 |            2063
15:41 |    40 |     1.000e-04 |     3.3791 |          3.7470 |     3.2509 |          0.9714 |            2063
16:34 |    41 |     1.000e-04 |     2.9890 |          4.1019 |     3.9859 |          0.9319 |            2063
17:28 |    42 |     1.000e-04 |     2.5691 |          3.2899 |     3.0227 |          0.8926 |            2063
18:21 |    43 |     1.000e-04 |     2.4257 |          3.5559 |     3.6372 |          0.8487 |            2063
19:15 |    44 |     1.000e-04 |     2.3014 |          3.1082 |     3.0566 |          0.8331 |            2063
20:08 |    45 |     1.000e-04 |     2.3917 |          3.2917 |     3.2356 |          0.8069 |            2063
21:01 |    46 |     1.000e-04 |     2.4744 |          3.1471 |     2.8357 |          0.8343 |            2063
21:55 |    47 |     1.000e-04 |     2.2875 |          4.7525 |     4.9587 |          0.8276 |            2063
22:49 |    48 |     1.000e-04 |     2.3900 |          3.6890 |     4.0774 |          0.8253 |            2063
23:42 |    49 |     1.000e-04 |     3.3263 |          3.9124 |     4.0644 |          0.8479 |            2063
24:36 |    50 |     1.000e-04 |     2.2840 |          3.3460 |     3.2166 |          0.8270 |            2063
25:30 |    51 |     1.000e-04 |     2.2890 |          2.9715 |     2.9166 |          0.7710 |            2063
26:23 |    52 |     1.000e-04 |     2.2079 |          4.7816 |     5.1276 |          0.8228 |            2063
27:17 |    53 |     1.000e-04 |     2.3759 |          3.7290 |     3.7855 |          0.8335 |            2063
28:11 |    54 |     1.000e-04 |     2.5490 |          3.9294 |     3.8911 |          0.8072 |            2063
29:04 |    55 |     1.000e-04 |     3.1453 |          3.1231 |     3.0382 |          0.7791 |            2063
29:57 |    56 |     1.000e-04 |     2.5611 |          3.6085 |     3.9798 |          0.7686 |            2063
30:50 |    57 |     1.000e-04 |     2.3243 |          3.1752 |     3.0599 |          0.7888 |            2063
31:44 |    58 |     1.000e-04 |     2.4885 |          5.0107 |     4.6637 |          0.8652 |            2063
32:37 |    59 |     1.000e-04 |     2.7441 |          4.7191 |     5.4353 |          0.8483 |            2063
33:31 |    60 |     1.000e-04 |     2.5093 |          3.6693 |     3.7871 |          0.7766 |            2063
34:24 |    61 |     1.000e-04 |     2.5137 |          5.5177 |     5.6798 |          0.9569 |            2063
35:17 |    62 |     1.000e-04 |     3.0121 |          4.5185 |     4.9669 |          0.8422 |            2063
36:11 |    63 |     1.000e-04 |     2.2301 |          4.2129 |     4.4075 |          0.7778 |            2063
37:04 |    64 |     1.000e-04 |     2.2305 |          3.3845 |     3.4050 |          0.7802 |            2063
37:58 |    65 |     1.000e-04 |     2.4604 |          3.8061 |     3.2305 |          0.9102 |            2063
38:51 |    66 |     1.000e-04 |     2.3239 |          4.7435 |     4.0397 |          0.8633 |            2063
39:44 |    67 |     1.000e-04 |     2.9938 |          3.6037 |     3.2328 |          0.8406 |            2063
40:38 |    68 |     1.000e-04 |     2.9334 |          3.2240 |     2.7081 |          0.7952 |            2063
41:31 |    69 |     1.000e-04 |     2.8703 |          4.4971 |     4.2658 |          0.8939 |            2063
42:24 |    70 |     1.000e-04 |     2.5880 |          3.5465 |     3.3567 |          0.8285 |            2063
43:18 |    71 |     1.000e-04 |     2.4416 |          4.0651 |     4.0609 |          0.8291 |            2063
44:11 |    72 |     1.000e-04 |     2.5021 |          3.4037 |     3.4346 |          0.7789 |            2063
45:04 |    73 |     1.000e-04 |     2.7154 |          3.7322 |     3.6636 |          0.8511 |            2063
45:58 |    74 |     1.000e-04 |     2.3145 |          4.0923 |     4.2590 |          0.8084 |            2063
